# Term Section
TERM xterm-256color

NORMAL 00;38;2;171;178;191 # no color code at all
FILE 00 # regular file: use no color at all
RESET 00;38;2;171;178;191 # reset to "normal" color
DIR 00;38;2;97;175;239 # directory 01;34
LINK 00;38;2;86;182;194 # symbolic link. (If you set this to 'target' instead of a
MULTIHARDLINK 00 # regular file with more than one link
FIFO 07;38;2;171;178;191 # pipe
SOCK 07;38;2;171;178;191 # socket
DOOR 07;38;2;171;178;191 # door
BLK 07;38;2;171;178;191 # block device driver
CHR 07;38;2;171;178;191 # character device driver
ORPHAN 00;38;2;190;80;70 # symlink to nonexistent file, or non-stat'able file
SETUID 01;38;2;171;178;191 # file that is setuid (u+s)
SETGID 04;01;38;2;171;178;191 # file that is setgid (g+s)
CAPABILITY 07;38;2;171;178;191 # file with capability
STICKY_OTHER_WRITABLE 04;01;38;2;97;175;239 # dir that is sticky and other-writable (+t,o+w)
OTHER_WRITABLE 01;38;2;97;175;239 # dir that is other-writable (o+w) and not sticky
STICKY 04;38;2;97;175;239 # dir with the sticky bit set (+t) and not other-writable
EXEC 00;38;2;86;182;194 # This is for files with execute permission:

## Source Code (yellow)
.jl    00;38;2;255;194;75
.c     00;38;2;255;194;75
.cpp   00;38;2;255;194;75
.cc    00;38;2;255;194;75
.h     00;38;2;255;194;75
.asm   00;38;2;255;194;75
.py    00;38;2;255;194;75
.js    00;38;2;255;194;75
.java  00;38;2;255;194;75
.sh    00;38;2;255;194;75
.zsh   00;38;2;255;194;75
.bash  00;38;2;255;194;75
.perl  00;38;2;255;194;75
.pl    00;38;2;255;194;75
.go    00;38;2;255;194;75
.scala 00;38;2;255;194;75
.m     00;38;2;255;194;75
.cs    00;38;2;255;194;75
.r     00;38;2;255;194;75
.lua   00;38;2;255;194;75
.vim   00;38;2;255;194;75
.sv    00;38;2;255;194;75
.svh   00;38;2;255;194;75
.v     00;38;2;255;194;75
.vhd   00;38;2;255;194;75
.html  00;38;2;255;194;75


## "Useless" files (Comment Grey)
.orig 00;38;2;92;99;112
.dup  00;38;2;92;99;112
.rej  00;38;2;92;99;112

## Text files (light blue)
.csv  00;38;2;152;195;121
.txt  00;38;2;152;195;121
.md   00;38;2;152;195;121
.toml 00;38;2;152;195;121
.yml  00;38;2;152;195;121
.yaml 00;38;2;152;195;121
.xml  00;38;2;152;195;121
.json 00;38;2;152;195;121
.conf 00;38;2;152;195;121

## Archives or compressed (light red)
.tar    00;38;2;224;108;117
.tgz    00;38;2;224;108;117
.arj    00;38;2;224;108;117
.taz    00;38;2;224;108;117
.lzh    00;38;2;224;108;117
.lzma   00;38;2;224;108;117
.tlz    00;38;2;224;108;117
.txz    00;38;2;224;108;117
.zip    00;38;2;224;108;117
.z      00;38;2;224;108;117
.Z      00;38;2;224;108;117
.dz     00;38;2;224;108;117
.gz     00;38;2;224;108;117
.lz     00;38;2;224;108;117
.xz     00;38;2;224;108;117
.bz2    00;38;2;224;108;117
.bz     00;38;2;224;108;117
.tbz    00;38;2;224;108;117
.tbz2   00;38;2;224;108;117
.tz     00;38;2;224;108;117
.deb    00;38;2;224;108;117
.rpm    00;38;2;224;108;117
.jar    00;38;2;224;108;117
.rar    00;38;2;224;108;117
.ace    00;38;2;224;108;117
.zoo    00;38;2;224;108;117
.cpio   00;38;2;224;108;117
.7z     00;38;2;224;108;117
.rz     00;38;2;224;108;117
.apk    00;38;2;224;108;117
.gem    00;38;2;224;108;117

# Image and Video formats (magenta)
.jpg    00;38;2;198;120;221
.JPG    00;38;2;198;120;221 #stupid but needed
.jpeg   00;38;2;198;120;221
.gif    00;38;2;198;120;221
.bmp    00;38;2;198;120;221
.pbm    00;38;2;198;120;221
.pgm    00;38;2;198;120;221
.ppm    00;38;2;198;120;221
.tga    00;38;2;198;120;221
.xbm    00;38;2;198;120;221
.xpm    00;38;2;198;120;221
.tif    00;38;2;198;120;221
.tiff   00;38;2;198;120;221
.png    00;38;2;198;120;221
.PNG    00;38;2;198;120;221
.svg    00;38;2;198;120;221
.svgz   00;38;2;198;120;221
.mng    00;38;2;198;120;221
.pcx    00;38;2;198;120;221
.dl     00;38;2;198;120;221
.xcf    00;38;2;198;120;221
.xwd    00;38;2;198;120;221
.yuv    00;38;2;198;120;221
.cgm    00;38;2;198;120;221
.emf    00;38;2;198;120;221
.eps    00;38;2;198;120;221
.CR2    00;38;2;198;120;221
.ico    00;38;2;198;120;221
.mov    00;38;2;198;120;221
.MOV    00;38;2;198;120;221
.mpg    00;38;2;198;120;221
.mpeg   00;38;2;198;120;221
.m2v    00;38;2;198;120;221
.mkv    00;38;2;198;120;221
.ogm    00;38;2;198;120;221
.mp4    00;38;2;198;120;221
.m4v    00;38;2;198;120;221
.mp4v   00;38;2;198;120;221
.vob    00;38;2;198;120;221
.qt     00;38;2;198;120;221
.nuv    00;38;2;198;120;221
.wmv    00;38;2;198;120;221
.asf    00;38;2;198;120;221
.rm     00;38;2;198;120;221
.rmvb   00;38;2;198;120;221
.flc    00;38;2;198;120;221
.avi    00;38;2;198;120;221
.fli    00;38;2;198;120;221
.flv    00;38;2;198;120;221
.gl     00;38;2;198;120;221
.m2ts   00;38;2;198;120;221
.divx   00;38;2;198;120;221
.webm   00;38;2;198;120;221
